1000000000 50000
1000000000 50000
1000000000 50000
1000000000 50000
1000000000 50000
1000000000 50000
1000000000 50000
1000000000 50000
1000000000 50000
1000000000 50000
1000000000 50000
1000000000 50000
1000000000 50000
1000000000 50000
1000000000 50000
1000000000 50000
1000000000 50000
1000000000 50000
1000000000 50000
1000000000 50000
1000000000 50000
1000000000 50000
1000000000 50000
1000000000 50000
1000000000 50000
1000000000 50000
1000000000 50000
1000000000 50000
1000000000 50000
1000000000 50000
1000000000 50000
1000000000 50000
1000000000 50000
1000000000 50000
1000000000 50000
1000000000 50000
1000000000 50000
1000000000 50000
1000000000 50000
1000000000 50000
1000000000 50000
1000000000 50000
1000000000 50000
1000000000 50000
1000000000 50000
1000000000 50000
1000000000 50000
1000000000 50000
1000000000 50000
1000000000 50000
1000000000 50000
1000000000 50000
1000000000 50000
1000000000 50000
1000000000 50000
1000000000 50000
1000000000 50000
1000000000 50000
1000000000 50000
1000000000 50000
1000000000 50000
1000000000 50000
1000000000 50000
1000000000 50000
1000000000 50000
1000000000 50000
1000000000 50000
1000000000 50000
1000000000 50000
1000000000 50000
1000000000 50000
1000000000 50000
1000000000 50000
1000000000 50000
1000000000 50000
1000000000 50000
1000000000 50000
1000000000 50000
1000000000 50000
1000000000 50000
