200 200
0 0
-160910 240342
-285547 46636
-24398 288300
94606 -273416
251529 142883
-289382 306
289310 5466
251529 142883
254082 -138451
-183368 223657
-9661 289162
289208 9679
-288632 20817
108379 268304
288504 22162
156298 -243505
166829 -236444
-127309 -259870
-79656 278067
-156080 -243521
-288632 -20817
203298 205818
274940 -90189
254082 138451
-257500 -131975
24707 288251
-285100 49261
-285755 45672
-257500 131975
-289382 -306
278681 -77775
281924 -65134
-156298 243505
-219310 -188773
-289382 -584
280233 -72194
-280233 -72194
-289382 306
-289310 -5466
66581 281608
94606 273416
-118760 263717
127785 259580
58187 -283462
268883 -106961
229010 176887
-289364 -3248
113903 265704
267096 -111349
-275677 87998
-114981 -265526
-271302 100590
-17188 288811
254769 -136954
-274925 -90124
24398 288300
242429 157967
-280752 -70005
-127785 259580
-288668 -19911
289383 0
-276593 85031
119754 -263238
255205 -136425
-145342 250148
121871 115114
88050 227246
243499 55449
24229 283287
114013 118003
181071 214691
126141 182052
200037 181216
290532 1835
131862 258906
97945 39613
108961 40210
57081 188920
268816 61934
299471 42061
197067 149154
171705 69212
131724 1760
220991 192591
280323 24188
212802 87498
11301 250628
258450 24718
85309 145746
180029 28714
102909 275163
158155 95902
298484 54404
108963 18826
82316 279638
294853 45891
32624 256736
235404 184392
110198 148447
155753 64073
19836 27950
244899 129469
213854 146473
77928 241000
280767 63845
48279 263959
67875 168850
266451 143851
92574 94889
301055 23140
151244 232058
125177 246820
290902 17037
183668 66270
45412 1066
20057 2476
75372 242096
235346 58942
135701 157554
120334 145562
267723 106966
2993 186530
210499 147428
69353 259495
176802 91222
148867 247170
194752 105980
182818 235742
166569 102314
254150 73405
212263 20695
112682 213578
210067 177888
108805 155135
54286 240475
268592 122441
233204 172879
163963 33371
237521 103468
114172 242244
300216 3071
248725 148195
69027 205885
44510 272434
165425 251592
118482 99634
104811 193448
197267 20826
111136 48189
167002 196833
67156 287952
297295 21981
239124 78700
111460 241587
87558 59273
258365 55184
20616 118410
250138 169906
167070 236040
135104 82448
289800 35370
242128 34663
155654 96514
76885 157214
277412 29507
103116 66017
211425 37926
151286 59973
90105 126530
294591 13805
20323 281783
236341 71152
288482 86096
104996 33708
9563 87447
155444 195527
164591 70768
225918 33692
204363 155479
283528 102597
217594 111954
193741 25997
15492 219927
108005 256139
139717 176365
257673 63113
183988 91458
175393 185573
44382 192023
295419 38665
52433 22230
188761 199508
215831 39680
69214 260279
84879 289612
130407 203937
106782 77733
263437 126298
36571 159521
-289383 0
-289382 -584
-289337 -5159
-289169 -10992
-289092 -12964
-288668 -19911
-288504 -22162
-287537 -32590
-286347 -41584
-285100 -49261
-284062 -55143
-282594 -62190
-280752 -70005
-278025 -80249
-276593 -85031
-274925 -90124
-273616 -94111
-271302 -100590
-268883 -106961
-266757 -112115
-264388 -117543
-261970 -122746
-254082 -138451
-251529 -142883
-244757 -154342
-239394 -162473
-229828 -175745
-227899 -178236
-224227 -182806
-219825 -188159
-214881 -193801
-213295 -195558
-190807 -217480
-188025 -219858
-183368 -223657
-171249 -233050
-164414 -237966
-160910 -240342
-154239 -244750
-150278 -247254
-146391 -249543
-138349 -254002
-132688 -257080
-120931 -262805
-109273 -267868
-96190 -272832
-77370 -278678
-72796 -279999
-69103 -280985
-58187 -283462
-52774 -284418
-24398 -288300
-9661 -289162
-4699 -289242
2703 -289307
21008 -288518
29401 -287744
34805 -287204
40638 -286498
66581 -281608
79656 -278067
94606 -273416
112222 -266373
118760 -263717
123637 -261527
127309 -259870
145342 -250148
152027 -246109
156080 -243521
168511 -235123
175307 -230227
181433 -225348
188312 -219720
193258 -215324
201552 -207646
213918 -194876
227101 -179075
232741 -171872
237290 -165363
242429 -157967
248731 -147901
254294 -138095
257500 -131975
258798 -129390
265071 -115986
266729 -112022
269699 -104766
272812 -96479
275677 -87998
280233 -72194
281469 -67157
284054 -55170
286861 -37895
287783 -30369
288258 -25253
288632 -20817
288969 -15468
289208 -9679
289261 -7493
289310 -5466
289363 -3249
289382 -306
289347 4563
289341 4856
289269 7870
289178 10782
288934 15676
288478 22748
287283 34405
286339 41805
285755 45672
285715 45916
284182 54419
281924 65134
280599 70573
278681 77775
272169 98191
267096 111349
261879 122860
255205 136425
249410 146741
238840 163245
229899 175752
229010 176887
219310 188773
219008 189111
211699 197052
206569 202440
203298 205818
182443 224615
175107 230372
156298 243505
148972 248073
141955 252091
138568 254020
128846 259096
116303 264917
114981 265526
108379 268304
94460 273444
83846 276910
69165 280931
63792 282167
46453 285491
39039 286705
28884 287861
24707 288251
19969 288646
15178 288908
-1936 289325
-17188 288811
-32495 287420
-45899 285588
-59468 283072
-69032 280990
-79327 278272
-82632 277289
-112306 266370
-113903 265704
-119754 263238
-127785 259580
-132040 257455
-145897 249897
-154837 244376
-166829 236444
-174932 230385
-178539 227639
-187853 219949
-195985 212721
-205284 203883
-208858 200183
-212425 196354
-221145 186642
-227989 178076
-236881 166120
-242944 157134
-249081 147255
-254769 136954
-268855 106839
-270277 103299
-270903 101635
-272271 97863
-274511 91542
-274940 90189
-280469 70807
-282019 64481
-283293 58743
-283910 55888
-285547 46636
-286172 42980
-286621 39851
-286790 38576
-287767 30317
-288544 21907
-288684 20042
-289002 14827
-289196 10340
-289364 3248
-289380 1156
-289381 1014
